1 3 0
d 1 3 2 0
d -2 -5 0
d -2 -8 0
d -2 -14 0
d -2 -17 0
1 0
d 1 3 0
d -3 -6 0
d -3 -9 0
d -3 -15 0
d -3 -18 0
-4 0
d -1 -4 0
-7 0
d -1 -7 0
-13 0
d -1 -13 0
-16 0
d -1 -16 0
5 6 0
d 5 6 4 0
d -4 -7 0
d -4 -10 0
9 8 0
d 9 8 7 0
d -7 -10 0
14 15 0
d 14 15 13 0
d -13 -16 0
d -13 -19 0
17 18 0
d 17 18 16 0
d -16 -19 0
5 0
d 5 6 0
d -6 -9 0
d -6 -12 0
-8 0
d -5 -8 0
-11 0
d -5 -11 0
9 0
d 9 8 0
d -8 -11 0
10 12 0
d 10 12 11 0
d -11 -20 0
-12 0
d -9 -12 0
10 0
d 10 12 0
d -12 -21 0
-19 0
d -10 -19 0
20 21 0
d 20 21 19 0
-15 17 0
17 -21 0
d 17 18 0
d -15 -18 0
d -18 -21 0
-14 21 0
-17 21 0
d 20 21 0
d -14 -20 0
d -17 -20 0
14 -21 0
14 17 0
d 14 15 0
d -15 -21 0
d -15 17 0
-17 -21 0
17 21 0
d -14 -17 0
d -14 21 0
d 14 -21 0
d 14 17 0
-21 0
d 17 -21 0
0
